Pose: 1 0 0 1 0 1 0 1 0 0 1 1
intrinsics: 604.997 0 641.459 0 604.862 363.525 0 0 1
Tr_depth_to_rgb: 0.999982 0.0044267 -0.00409224 -31.9984 -0.00396565 0.994303 0.10652 -1.94883 0.00454046 -0.106502 0.994302 3.85832
